-8.839082431099150824e-07
1.533029198598809584e-08
-1.552474459491136501e-02
7.990646988147519444e-08
3.212090508108577555e-08
3.217538200281854640e-08
-2.961343421381703104e-08
-3.034080125655972144e-08
-1.487428623674479523e-04
-1.859613746040574694e-02
-7.207920252727293869e-07
3.331567004962962455e-03
-4.013923539476010453e-07
-5.226451411503247779e-07
-1.562033814860042563e-07
-9.132304981950593385e-08
-1.637728632222937380e-07
-2.596896110976266714e-07
-3.899147700487534118e-01
1.817917922354381454e-08
-2.257549212935221454e-08
2.678854721128874934e-08
-3.959243514163449616e-09
-8.584175720623740373e-07
8.022326059775083449e-07
1.279847060777671158e-06
1.433791004110636392e-06
-5.340683063137030558e-09
5.352756494357014550e-09
2.472980769126478448e-02
-2.551783833078241510e-08
-3.511659153257262208e-08
-3.509459526941014173e-06
-3.679166927965223113e-06
-4.994935682097191815e-06
-1.188884853534753437e-07
-2.077615645966040213e-08
3.778021822299610207e-06
1.089170782405652320e-06
3.846141105190681344e-06
1.632720794703118972e-08
1.041409830514888642e-06
4.812669310884955327e-08
-1.314036726747796170e-08
-5.840037501460681907e-09
