-1.274619723737211382e-07
8.426433954092281532e-09
-1.553610579747493822e-02
1.852225930000432148e-08
-2.480394249482736781e-07
-2.054656367407861352e-07
7.598427482813541918e-08
1.046707589617180918e-07
-1.485480033069403892e-04
-1.857372076310594838e-02
-2.408710776995452095e-08
3.327903676476084028e-03
-2.555823752248650681e-07
-1.754873795447570243e-07
4.127183421388939217e-08
2.113109688421776966e-08
-2.164264475047485103e-07
-6.861409777856943405e-08
-3.898432631921695535e-01
9.539439135317625636e-09
3.737126638140347252e-09
1.820290335109946439e-08
2.371831707137521757e-08
-1.003949962389018762e-07
-1.711052444483902985e-08
-3.302839221311663173e-09
1.354294458479886692e-08
-1.487761763968368199e-09
6.083170972853815479e-10
2.470379343663066385e-02
7.380415439933724957e-08
5.011886182818469635e-08
-8.671996267032029441e-08
-8.000398588296506900e-08
-6.899004612040700712e-07
2.040857809687714552e-08
3.490856461125398608e-08
1.040799078720273639e-07
1.948965329361429287e-08
1.602261789410383367e-07
-2.149309209012741794e-08
4.125315597367695792e-08
3.178978174156233955e-10
-1.911291857310996071e-08
-6.238782404993498711e-08
