3.060529905402603888e-08
7.519400835258404941e-08
-7.485380296978278586e-03
-1.039993295006400537e-08
5.783816542665241573e-08
7.002266615839820234e-08
3.453881003793265407e-07
3.750590096554587941e-07
-2.277637990940188683e-04
-1.283972243623127639e-02
-9.189663256212216258e-07
-3.067167612441593517e-04
-6.880417579303114066e-10
9.257229340036352363e-09
-1.711489801201798930e-07
-1.826270885614081829e-07
-3.001363212092242664e-07
-1.008688435838065312e-08
-1.417886177918499802e-01
-1.367680359069089871e-08
-8.636467627100156283e-09
1.110990202891296628e-06
1.092649835421686635e-06
-2.729816910121110818e-07
-1.612462848557356264e-08
-1.519102437256963012e-08
-3.537108776752904102e-09
-5.598203014513668900e-06
-5.535451634222594624e-06
3.916285022127473370e-02
9.891076969213365378e-09
-5.038561013259582309e-09
1.091741474613457425e-06
1.103618852870362878e-06
-7.410382755499498653e-08
6.250524921526334467e-08
1.791387298057734263e-08
4.103832623033204275e-09
2.374121798498409503e-08
1.822853295604042338e-08
8.912594577182221096e-09
9.934311020161403399e-10
2.852277466094078561e-08
3.109735769128958996e-09
-4.905952501383870653e-09
