3.000316848216712734e-08
1.334933710919963398e-07
-1.586390244171443850e-02
-1.354946754208863989e-08
5.462123544619979296e-09
2.916782409644701314e-08
3.826473953178608945e-09
2.074891926326656845e-08
-3.970412459471928373e-04
-1.739337732378365073e-02
7.013181608248299953e-08
3.139990302907118606e-04
1.771496746582138814e-08
6.391158014550790088e-09
-1.945840470018174438e-08
8.774758538642657115e-09
7.031557498945162009e-09
-4.957359452495244831e-08
-1.180186262141263154e-01
-1.157784681330018643e-07
2.179506706575042808e-07
1.987179463396358951e-07
-1.603201133846533399e-07
-1.334377224646668207e-06
2.120175407671527494e-07
8.653086619338524453e-08
-3.207213856900526991e-08
3.590854897832254948e-07
4.642894180563185756e-07
4.347752264630057317e-02
-1.403127426205572327e-07
-2.121916126432372640e-07
7.027367808018778300e-08
4.168554157296712710e-07
5.970331987244285282e-07
-7.731618050783713122e-09
8.052685814133482647e-07
9.472224359156393069e-07
3.480457786790512068e-07
1.246662381006372946e-06
-4.034409541196282609e-08
-1.863489039507528617e-07
2.328634976637407498e-07
5.821913772057634864e-08
-3.149370595136422734e-07
