V_fci V_hf C_fci C_hf b c E_dec-E_fci E_bo-E_fci K_en K_overlap Sectors_en Sectors_overlap
8.333893993280305779e-02 1.666666020211032273e-01 3.821122214960976710e-06 9.663462168138549357e-04 9.999999999999998890e-01 -2.000000000000001332e+00 1.410058674466974082e-05 1.185061938824283345e-05 1.000000000000000000e+00 1.000000000000000000e+00 1.000000000000000000e+00 1.000000000000000000e+00
1.421447619975868548e-05 1.666666666666666297e-01 5.879221789978413393e-06 5.706322889676761773e-06 9.999999999999998890e-01 -2.000000000000001332e+00 2.257262525917624885e-05 2.257262526006442727e-05 1.000000000000000000e+00 1.000000000000000000e+00 1.000000000000000000e+00 1.000000000000000000e+00
2.084124479523585816e-02 8.345186075058946829e-02 3.768518141105469212e-06 1.634882923363821701e-04 9.999999999999998890e-01 -2.000000000000001332e+00 1.603396320382088902e-05 1.490275753157632721e-05 1.000000000000000000e+00 1.000000000000000000e+00 1.000000000000000000e+00 1.000000000000000000e+00
2.084539408805330396e-02 1.666666666666668239e-01 6.099606515543138735e-06 5.258588816998792641e-04 9.999999999999998890e-01 -2.000000000000001332e+00 2.257262526494940857e-05 2.257262526472736397e-05 1.000000000000000000e+00 1.000000000000000000e+00 1.000000000000000000e+00 1.000000000000000000e+00
2.084125866630170965e-02 8.345162506411470116e-02 3.779421263459079919e-06 1.634884105955575445e-04 9.999999999999998890e-01 -2.000000000000001332e+00 1.609807974367605254e-05 1.492681491632730229e-05 1.000000000000000000e+00 1.000000000000000000e+00 1.000000000000000000e+00 1.000000000000000000e+00
2.084542846166226315e-02 1.666666666666667962e-01 6.078118937679928450e-06 5.258584675485833242e-04 9.999999999999998890e-01 -2.000000000000001332e+00 2.257262526184078411e-05 2.257262526272896253e-05 1.000000000000000000e+00 1.000000000000000000e+00 1.000000000000000000e+00 1.000000000000000000e+00
2.084542054983351544e-02 1.666666666666666852e-01 6.083866484358445146e-06 5.258586652508993224e-04 9.999999999999998890e-01 -2.000000000000001332e+00 2.257262525939829345e-05 2.257262526028647187e-05 1.000000000000000000e+00 1.000000000000000000e+00 1.000000000000000000e+00 1.000000000000000000e+00
2.084124400699177704e-02 8.345187961761832418e-02 3.767890092794905708e-06 1.634882888008463465e-04 9.999999999999998890e-01 -2.000000000000001332e+00 1.602998944982836349e-05 1.489929589992833314e-05 1.000000000000000000e+00 1.000000000000000000e+00 1.000000000000000000e+00 1.000000000000000000e+00
2.084124467136011516e-02 8.345185414326508622e-02 3.768425121391170151e-06 1.634882903554671992e-04 9.999999999999998890e-01 -2.000000000000001332e+00 1.603343223721687139e-05 1.490638488266249340e-05 1.000000000000000000e+00 1.000000000000000000e+00 1.000000000000000000e+00 1.000000000000000000e+00
2.084124290418970515e-02 8.345186152162725746e-02 3.766965118839716687e-06 1.634883359338965762e-04 9.999999999999998890e-01 -2.000000000000001332e+00 1.602483119023112579e-05 1.491622732774366966e-05 1.000000000000000000e+00 1.000000000000000000e+00 1.000000000000000000e+00 1.000000000000000000e+00
2.084126304300848442e-02 8.345145816354820889e-02 3.781842391637319533e-06 1.634888169105512394e-04 9.999999999999998890e-01 -2.000000000000001332e+00 1.611011639446324750e-05 1.500143606625314874e-05 1.000000000000000000e+00 1.000000000000000000e+00 1.000000000000000000e+00 1.000000000000000000e+00
2.084121873405098135e-02 8.345247032366027995e-02 3.747765224679504218e-06 1.634884045495849569e-04 9.999999999999998890e-01 -2.000000000000001332e+00 1.590807350981826573e-05 1.479418625893735850e-05 1.000000000000000000e+00 1.000000000000000000e+00 1.000000000000000000e+00 1.000000000000000000e+00
2.084124660587799438e-02 8.345176217481740932e-02 3.770010294045044976e-06 1.634884512107605855e-04 9.999999999999998890e-01 -2.000000000000001332e+00 1.604317459724668993e-05 1.493575567645955005e-05 1.000000000000000000e+00 1.000000000000000000e+00 1.000000000000000000e+00 1.000000000000000000e+00
2.084125442104201031e-02 8.345172410688571352e-02 3.775874066449723965e-06 1.634885062962060408e-04 9.999999999999998890e-01 -2.000000000000001332e+00 1.607666785230499329e-05 1.491222118854551582e-05 1.000000000000000000e+00 1.000000000000000000e+00 1.000000000000000000e+00 1.000000000000000000e+00
5.775180168232640909e-05 1.666666666664735064e-01 2.745704447725497317e-05 3.629593936670635933e-05 9.999999999999998890e-01 -2.000000000000001332e+00 2.257262526117465029e-05 2.257262526139669490e-05 1.000000000000000000e+00 1.000000000000000000e+00 1.000000000000000000e+00 1.000000000000000000e+00
2.084125626233696016e-02 8.345164575003745366e-02 3.777480905488748090e-06 1.634887052081596267e-04 9.999999999999998890e-01 -2.000000000000001332e+00 1.608585809864671035e-05 1.493461317814137601e-05 1.000000000000000000e+00 1.000000000000000000e+00 1.000000000000000000e+00 1.000000000000000000e+00
1.666666666589852186e-01 1.666665336769530825e-01 3.041770841919285956e-06 1.927720330277340154e-03 9.999999999999998890e-01 -2.000000000000001332e+00 1.417240990608803486e-05 1.179000308604294389e-05 1.000000000000000000e+00 1.000000000000000000e+00 1.000000000000000000e+00 1.000000000000000000e+00
1.666666666589823875e-01 1.666665338589112533e-01 3.037211011882798210e-06 1.927719484410698450e-03 9.999999999999998890e-01 -2.000000000000001332e+00 1.416587880798125809e-05 1.177356702930509869e-05 1.000000000000000000e+00 1.000000000000000000e+00 1.000000000000000000e+00 1.000000000000000000e+00
4.199591804636672310e-02 2.358721131789260912e-04 2.966405082730954115e-04 3.155793763299495928e-04 9.999999999999998890e-01 -2.000000000000001332e+00 2.257262526650372081e-05 1.234870777166996447e-05 1.000000000000000000e+00 1.000000000000000000e+00 1.000000000000000000e+00 1.000000000000000000e+00
8.334194208760081768e-02 1.666666038712855402e-01 5.053315513199501053e-06 9.670988542007708834e-04 9.999999999999998890e-01 -2.000000000000001332e+00 2.257262526161873950e-05 2.135056043583993812e-05 1.000000000000000000e+00 1.000000000000000000e+00 1.000000000000000000e+00 1.000000000000000000e+00
