V_fci V_hf C_fci C_hf b c E_dec-E_fci E_bo-E_fci K_en K_overlap Sectors_en Sectors_overlap
8.210986619884397264e-02 1.642083040248465964e-01 4.260058946460855921e-05 9.583774751253065598e-04 1.000152651836544671e+00 -1.953445393059622504e+00 1.419668850943800464e-05 1.188906772231490550e-05 1.000000000000000000e+00 1.000000000000000000e+00 1.000000000000000000e+00 1.000000000000000000e+00
8.211229270842151928e-02 1.642131442355776738e-01 4.244280891411891365e-05 9.583773245793153050e-04 9.999537560073128439e-01 -1.953348730733527550e+00 1.420851586364513253e-05 1.192281220885327286e-05 1.000000000000000000e+00 1.000000000000000000e+00 1.000000000000000000e+00 1.000000000000000000e+00
1.998180589427733356e+00 9.992511867066380393e-01 1.615018689771215373e-06 9.436116313577961443e-06 -1.039742968653485589e+00 3.253253648391388198e-02 2.364505304530695184e-05 1.407373560247116018e-05 1.000000000000000000e+00 1.000000000000000000e+00 1.000000000000000000e+00 1.000000000000000000e+00
2.070358244339709497e-02 1.655489980011058959e-01 7.260682144532908474e-06 5.238770110854761367e-04 1.000076356494823848e+00 -1.979490648760679594e+00 2.257262526206282871e-05 2.257262526139669490e-05 1.000000000000000000e+00 1.000000000000000000e+00 1.000000000000000000e+00 1.000000000000000000e+00
2.322337075091140957e-02 1.738071725046789473e-01 5.736616122871017626e-06 5.651069623642895903e-06 1.452910758567858451e+00 -2.393105963503427525e+00 2.366543067489068619e-05 2.010619721315443087e-05 1.000000000000000000e+00 1.000000000000000000e+00 1.000000000000000000e+00 1.000000000000000000e+00
2.070388589487603959e-02 1.655514119828887798e-01 7.261549451916560565e-06 5.238769782807197210e-04 9.999951648431079088e-01 -1.979455832574104734e+00 2.257262526095260569e-05 2.257262526050851648e-05 1.000000000000000000e+00 1.000000000000000000e+00 1.000000000000000000e+00 1.000000000000000000e+00
2.070401651538811283e-02 1.655523059479878656e-01 7.251245778527211903e-06 5.238767455780314391e-04 9.999770682876039096e-01 -1.979454781589637724e+00 2.257262526117465029e-05 2.257262526050851648e-05 1.000000000000000000e+00 1.000000000000000000e+00 1.000000000000000000e+00 1.000000000000000000e+00
4.139599603505939029e-02 1.655606261297737913e-01 8.607306716200181795e-06 1.042097439380842983e-03 1.000028078922976960e+00 -1.979662160481723276e+00 2.257262525784398122e-05 2.257262525762193661e-05 1.000000000000000000e+00 1.000000000000000000e+00 1.000000000000000000e+00 1.000000000000000000e+00
2.070445708377699479e-02 1.655557695803953067e-01 7.229915922498471228e-06 5.238800244904689030e-04 9.996992813108416254e-01 -1.979245034945496196e+00 2.257262525828807043e-05 2.257262525873215964e-05 1.000000000000000000e+00 1.000000000000000000e+00 1.000000000000000000e+00 1.000000000000000000e+00
1.997303371665724470e+00 9.989540382733290702e-01 1.699660151171873552e-06 9.441253630846156545e-06 -9.657322412461794015e-01 -4.440148759789686733e-02 2.365836884665739603e-05 1.397320669793700176e-05 1.000000000000000000e+00 1.000000000000000000e+00 1.000000000000000000e+00 1.000000000000000000e+00
5.017226178818272597e-01 4.058630634166010553e-01 5.652131040653902238e-06 7.418736185523118319e-06 -8.459056079804788686e-02 -1.156481490036304960e+00 2.366933114239522240e-05 9.915054388631716620e-07 1.000000000000000000e+00 1.000000000000000000e+00 1.000000000000000000e+00 1.000000000000000000e+00
8.210969581628407843e-02 1.642079318942031574e-01 4.262519070723405472e-05 9.583773777034793355e-04 1.000026350941789266e+00 -1.953314556345662423e+00 1.421322150885195867e-05 1.190419554686350523e-05 1.000000000000000000e+00 1.000000000000000000e+00 1.000000000000000000e+00 1.000000000000000000e+00
2.083644876579993088e-02 8.342806546497794074e-02 3.806157661427713227e-06 1.634671053103849906e-04 9.963055797881433806e-01 -1.995435813569135020e+00 1.605358710254911614e-05 1.491218477300826351e-05 1.000000000000000000e+00 1.000000000000000000e+00 1.000000000000000000e+00 1.000000000000000000e+00
2.070411802955185454e-02 1.655530081923389518e-01 7.243443149375098909e-06 5.238768904885999014e-04 1.000080890567622172e+00 -1.979570775226580981e+00 2.257262526228487332e-05 2.257262526206282871e-05 1.000000000000000000e+00 1.000000000000000000e+00 1.000000000000000000e+00 1.000000000000000000e+00
9.405043518783315903e-01 5.564462386473580935e-01 3.789145487206455181e-06 7.377617907667980500e-06 -2.276370234364003264e-01 -7.420175253498844103e-01 2.366218216165449917e-05 2.043191376377428981e-05 1.000000000000000000e+00 1.000000000000000000e+00 1.000000000000000000e+00 1.000000000000000000e+00
2.083560850868787506e-02 8.342925443313985168e-02 3.781523122599017404e-06 1.634667146022854907e-04 9.992397141795718030e-01 -1.998415379213865917e+00 1.597871427549968359e-05 1.485794335809309530e-05 1.000000000000000000e+00 1.000000000000000000e+00 1.000000000000000000e+00 1.000000000000000000e+00
4.139633498323036509e-02 1.655620019303617185e-01 8.609953353435009256e-06 1.042097657542727590e-03 1.000036841015618627e+00 -1.979696770262537209e+00 2.257262525873215964e-05 2.257262525895420424e-05 1.000000000000000000e+00 1.000000000000000000e+00 1.000000000000000000e+00 1.000000000000000000e+00
3.885113842823861852e-02 1.937454411317710568e-01 5.122858251270416086e-06 4.566205767782478727e-06 1.477428653691320593e+00 -1.638871670562413119e+00 2.364155770040454740e-05 5.848847689060576727e-06 1.000000000000000000e+00 1.000000000000000000e+00 1.000000000000000000e+00 1.000000000000000000e+00
9.239886206264369406e-03 1.610333850187609661e-01 5.396072062170314159e-06 5.177123960284955903e-06 8.058385820040776526e-01 -1.560861695384381687e+00 2.257262526450531936e-05 2.257262526494940857e-05 1.000000000000000000e+00 1.000000000000000000e+00 1.000000000000000000e+00 1.000000000000000000e+00
3.783170403952820782e-01 3.426582639347369730e-01 5.622501309655174417e-06 6.936308280525355614e-06 3.716881222507652238e-02 -1.203782076116060251e+00 2.370297089804296320e-05 9.753958569724829886e-07 1.000000000000000000e+00 1.000000000000000000e+00 1.000000000000000000e+00 1.000000000000000000e+00
