V_fci V_hf C_fci C_hf b c E_dec-E_fci E_bo-E_fci K_en K_overlap Sectors_en Sectors_overlap
8.333808249872615148e-02 1.666648957681969578e-01 3.808407217458104280e-06 9.663434358166504961e-04 9.999976842481296258e-01 -1.999966915173534865e+00 1.405541206933591525e-05 1.131339641569084620e-05 1.000000000000000000e+00 1.000000000000000000e+00 1.000000000000000000e+00 1.000000000000000000e+00
2.084052065411878818e-02 8.347548098302859376e-02 3.357420911343756860e-06 1.636344628182935491e-04 1.000049527266467564e+00 -2.000017994360638429e+00 1.354518782781255481e-05 1.212258574212476958e-05 1.000000000000000000e+00 1.000000000000000000e+00 1.000000000000000000e+00 1.000000000000000000e+00
4.166729845785077657e-02 2.851852207110604047e-04 8.376744156766400778e-07 3.215578303148699038e-04 9.999514473238602097e-01 -1.999953749702155559e+00 4.003547426467690684e-06 4.003547426911779894e-06 1.000000000000000000e+00 1.000000000000000000e+00 1.000000000000000000e+00 1.000000000000000000e+00
5.619815163245833745e-03 1.717272245485862991e-01 5.154504522010950910e-06 4.587714190381350482e-06 8.612355551459044412e-01 -1.300838539096845770e+00 2.257262526184078411e-05 2.257262526206282871e-05 1.000000000000000000e+00 1.000000000000000000e+00 1.000000000000000000e+00 1.000000000000000000e+00
2.084067038250636550e-02 8.347595496694648620e-02 3.357153545525861093e-06 1.636373358720541872e-04 1.000060597826459619e+00 -2.000050704642876376e+00 1.354400194131244461e-05 1.216884584676058978e-05 1.000000000000000000e+00 1.000000000000000000e+00 1.000000000000000000e+00 1.000000000000000000e+00
2.084143636927748844e-02 1.666306383253330914e-01 5.776795406672795693e-06 5.262208014585655156e-04 1.000075814837916521e+00 -1.999426816397926743e+00 2.257262526472736397e-05 2.096795206552037882e-05 1.000000000000000000e+00 1.000000000000000000e+00 1.000000000000000000e+00 1.000000000000000000e+00
2.084226229697405675e-02 1.666372428770609981e-01 5.776501837578203619e-06 5.262275845236829164e-04 9.999934651594077906e-01 -1.999463534261329167e+00 2.257262526250691792e-05 2.095721023587238108e-05 1.000000000000000000e+00 1.000000000000000000e+00 1.000000000000000000e+00 1.000000000000000000e+00
2.084339102542864808e-02 1.666462500667827973e-01 5.776642193349040200e-06 5.262633916327233343e-04 9.999228734401668373e-01 -1.999555234905201262e+00 2.257262526517145318e-05 2.094712207290072570e-05 1.000000000000000000e+00 1.000000000000000000e+00 1.000000000000000000e+00 1.000000000000000000e+00
2.084436578134396534e-02 1.666540433597181459e-01 5.777143452713195597e-06 5.262900961320991387e-04 9.999617817243101614e-01 -1.999734508746141115e+00 2.257262526228487332e-05 2.094878569680602709e-05 1.000000000000000000e+00 1.000000000000000000e+00 1.000000000000000000e+00 1.000000000000000000e+00
4.166685395595003116e-02 2.854519020430874572e-04 8.376815185345696084e-07 3.215568419213297134e-04 9.999263680331970106e-01 -1.999896645490547131e+00 4.003540949426565021e-06 4.003540947650208182e-06 1.000000000000000000e+00 1.000000000000000000e+00 1.000000000000000000e+00 1.000000000000000000e+00
8.334025468396810687e-02 1.666632346676603926e-01 5.050413531808907169e-06 9.670799121317078667e-04 9.999879367657233953e-01 -1.999927260661056083e+00 2.257262526117465029e-05 2.134386158325618510e-05 1.000000000000000000e+00 1.000000000000000000e+00 1.000000000000000000e+00 1.000000000000000000e+00
2.084053004299618594e-02 8.347517910994739498e-02 3.357149944570920029e-06 1.636345055657643683e-04 1.000046273420559517e+00 -2.000016217150438980e+00 1.354398394926015214e-05 1.219115054773567408e-05 1.000000000000000000e+00 1.000000000000000000e+00 1.000000000000000000e+00 1.000000000000000000e+00
2.084053508541666710e-02 8.347519724792876183e-02 3.357215466269552359e-06 1.636323047402117516e-04 9.998352876145432111e-01 -1.999805626267511460e+00 1.354419747356949699e-05 1.216305609186285608e-05 1.000000000000000000e+00 1.000000000000000000e+00 1.000000000000000000e+00 1.000000000000000000e+00
2.084464105181227378e-02 1.666562508014236832e-01 5.776495258966456163e-06 5.263155808508761507e-04 1.000056306707514775e+00 -1.999868773787200515e+00 2.257262526517145318e-05 2.098371991898773103e-05 1.000000000000000000e+00 1.000000000000000000e+00 1.000000000000000000e+00 1.000000000000000000e+00
1.374589483993453043e-01 6.067808224969662989e-01 1.363416316165560555e-05 1.174281300436781621e-05 -3.677359274496732611e-01 -3.532263383585039662e+00 2.359739867419108350e-05 9.714353594869606923e-07 1.000000000000000000e+00 1.000000000000000000e+00 1.000000000000000000e+00 1.000000000000000000e+00
2.084059515205921587e-02 8.347551183925226714e-02 3.357256096578049172e-06 1.636330772725256145e-04 1.000004583469349395e+00 -1.999983886000336053e+00 1.354448891333071003e-05 1.215384104358285811e-05 1.000000000000000000e+00 1.000000000000000000e+00 1.000000000000000000e+00 1.000000000000000000e+00
3.620472573092148316e-02 1.924057379582134464e-01 6.138713620671258415e-06 6.118338577516465640e-06 1.661408840110035534e+00 -2.885722594467975632e+00 2.361026538832966537e-05 2.006451969949196723e-05 1.000000000000000000e+00 1.000000000000000000e+00 1.000000000000000000e+00 1.000000000000000000e+00
3.792567128670931709e-04 1.676907740563361449e-01 5.163076282887512546e-06 4.605941522856880425e-06 9.623604706010587817e-01 -1.391578295874252635e+00 2.257262525806602582e-05 2.257262525784398122e-05 1.000000000000000000e+00 1.000000000000000000e+00 1.000000000000000000e+00 1.000000000000000000e+00
9.986968559648645716e-03 1.623996881139247450e-01 5.228431330703324206e-06 4.914285717605711853e-06 8.075982454035933733e-01 -1.434946436699086059e+00 2.257262526095260569e-05 2.257262526383918555e-05 1.000000000000000000e+00 1.000000000000000000e+00 1.000000000000000000e+00 1.000000000000000000e+00
5.882163103370944279e-01 4.502636075904903334e-01 5.651936292211658268e-06 7.742901304511488132e-06 -1.615148025530393494e-01 -1.125826497578081176e+00 2.359634269466504009e-05 5.830046820864964729e-06 1.000000000000000000e+00 1.000000000000000000e+00 1.000000000000000000e+00 1.000000000000000000e+00
