V_fci V_hf C_fci C_hf b c E_dec-E_fci E_bo-E_fci K_en K_overlap Sectors_en Sectors_overlap
8.333893721759122464e-02 1.666666051389309178e-01 3.808432083620560321e-06 9.663539488366620000e-04 9.999999999999998890e-01 -2.000000000000001332e+00 1.405542428023487389e-05 1.130757059075726545e-05 1.000000000000000000e+00 1.000000000000000000e+00 1.000000000000000000e+00 1.000000000000000000e+00
8.334194004995842953e-02 1.666666055556064174e-01 5.050559307357592174e-06 9.671009718101122345e-04 9.999999999999998890e-01 -2.000000000000001332e+00 2.257262525962033806e-05 2.133820367999916812e-05 1.000000000000000000e+00 1.000000000000000000e+00 1.000000000000000000e+00 1.000000000000000000e+00
2.084594368644143714e-02 1.666666666666667129e-01 5.776666500688198309e-06 5.263354084916976698e-04 9.999999999999998890e-01 -2.000000000000001332e+00 2.257262526583758699e-05 2.097933271816287970e-05 1.000000000000000000e+00 1.000000000000000000e+00 1.000000000000000000e+00 1.000000000000000000e+00
8.334194023717678146e-02 1.666666052787101060e-01 5.050452741465119087e-06 9.671002799866027302e-04 9.999999999999998890e-01 -2.000000000000001332e+00 2.257262526228487332e-05 2.132672725241313572e-05 1.000000000000000000e+00 1.000000000000000000e+00 1.000000000000000000e+00 1.000000000000000000e+00
8.334194020530255598e-02 1.666666053119822133e-01 5.050438811444233451e-06 9.671003443473603391e-04 9.999999999999998890e-01 -2.000000000000001332e+00 2.257262526139669490e-05 2.133042940899443352e-05 1.000000000000000000e+00 1.000000000000000000e+00 1.000000000000000000e+00 1.000000000000000000e+00
2.084594325158051209e-02 1.666666666666666852e-01 5.776939049606141221e-06 5.263124699780221284e-04 9.999999999999998890e-01 -2.000000000000001332e+00 2.257262526317305174e-05 2.097460435801501433e-05 1.000000000000000000e+00 1.000000000000000000e+00 1.000000000000000000e+00 1.000000000000000000e+00
2.084594372804482454e-02 1.666666666666667407e-01 5.776820328790400696e-06 5.263393690219798741e-04 9.999999999999998890e-01 -2.000000000000001332e+00 2.257262526028647187e-05 2.098070753908665154e-05 1.000000000000000000e+00 1.000000000000000000e+00 1.000000000000000000e+00 1.000000000000000000e+00
2.084073907768702050e-02 8.347622436251048161e-02 3.357281304294596758e-06 1.636361204741209848e-04 9.999999999999998890e-01 -2.000000000000001332e+00 1.354431242872600194e-05 1.214907576430057645e-05 1.000000000000000000e+00 1.000000000000000000e+00 1.000000000000000000e+00 1.000000000000000000e+00
2.084073874123387737e-02 8.347613790724880967e-02 3.357171900166832398e-06 1.636366838781005148e-04 9.999999999999998890e-01 -2.000000000000001332e+00 1.354402892617123655e-05 1.217384915253028055e-05 1.000000000000000000e+00 1.000000000000000000e+00 1.000000000000000000e+00 1.000000000000000000e+00
8.333893737463904383e-02 1.666666050488147810e-01 3.808649499641824324e-06 9.663536290639763472e-04 9.999999999999998890e-01 -2.000000000000001332e+00 1.405631393125439388e-05 1.132349230403839613e-05 1.000000000000000000e+00 1.000000000000000000e+00 1.000000000000000000e+00 1.000000000000000000e+00
8.334194038112541225e-02 1.666666052191192460e-01 5.050520599065354567e-06 9.671002206938532006e-04 9.999999999999998890e-01 -2.000000000000001332e+00 2.257262526073056108e-05 2.136583582257323144e-05 1.000000000000000000e+00 1.000000000000000000e+00 1.000000000000000000e+00 1.000000000000000000e+00
2.084073889632215293e-02 8.347613646501030049e-02 3.357372602554425166e-06 1.636404155421017305e-04 9.999999999999998890e-01 -2.000000000000001332e+00 1.354526204289108193e-05 1.221564903675087521e-05 1.000000000000000000e+00 1.000000000000000000e+00 1.000000000000000000e+00 1.000000000000000000e+00
8.333893729781699511e-02 1.666666053761609867e-01 3.808526896087416541e-06 9.663551496657283918e-04 9.999999999999998890e-01 -2.000000000000001332e+00 1.405596359660421513e-05 1.126740665302605748e-05 1.000000000000000000e+00 1.000000000000000000e+00 1.000000000000000000e+00 1.000000000000000000e+00
2.084073863117774650e-02 8.347610466610370927e-02 3.357132794025030846e-06 1.636366488193303375e-04 9.999999999999998890e-01 -2.000000000000001332e+00 1.354389520336063413e-05 1.217936093822480359e-05 1.000000000000000000e+00 1.000000000000000000e+00 1.000000000000000000e+00 1.000000000000000000e+00
1.421113100796844719e-05 1.666666666666667407e-01 5.876793892390465751e-06 5.710655615870342288e-06 9.999999999999998890e-01 -2.000000000000001332e+00 2.257262526539349778e-05 2.257262526472736397e-05 1.000000000000000000e+00 1.000000000000000000e+00 1.000000000000000000e+00 1.000000000000000000e+00
2.084073859465573886e-02 8.347605489932727330e-02 3.357128091120902891e-06 1.636356441112694221e-04 9.999999999999998890e-01 -2.000000000000001332e+00 1.354387799268330639e-05 1.217734918190771509e-05 1.000000000000000000e+00 1.000000000000000000e+00 1.000000000000000000e+00 1.000000000000000000e+00
2.084594397605576965e-02 1.666666666666667129e-01 5.776830634758320921e-06 5.263495827152201096e-04 9.999999999999998890e-01 -2.000000000000001332e+00 2.257262526095260569e-05 2.095174877925209955e-05 1.000000000000000000e+00 1.000000000000000000e+00 1.000000000000000000e+00 1.000000000000000000e+00
1.666666666594653345e-01 1.666665437996829036e-01 2.982217016041883139e-06 1.927744321368117780e-03 9.999999999999998890e-01 -2.000000000000001332e+00 1.405552953825939255e-05 1.098087766426836254e-05 1.000000000000000000e+00 1.000000000000000000e+00 1.000000000000000000e+00 1.000000000000000000e+00
2.084594386861005066e-02 1.666666666666667684e-01 5.776760601422587302e-06 5.263333303786003762e-04 9.999999999999998890e-01 -2.000000000000001332e+00 2.257262525962033806e-05 2.100289345507988514e-05 1.000000000000000000e+00 1.000000000000000000e+00 1.000000000000000000e+00 1.000000000000000000e+00
8.334194064266986501e-02 1.666666049606819189e-01 5.050698035954167741e-06 9.670996895660316809e-04 9.999999999999998890e-01 -2.000000000000001332e+00 2.257262526095260569e-05 2.130188326177062663e-05 1.000000000000000000e+00 1.000000000000000000e+00 1.000000000000000000e+00 1.000000000000000000e+00
